[pos=12 L0 gdn-pre-norm] l2=73.9299 sum=-54.4127  first8=[1.30851, 0.0718473, 0.070852, -0.0863495, 0.0693037, -0.0837249, 0.43461, -0.230412]  last3=[-0.15451, -0.372126, -0.03839]
[pos=12 L0 gdn-qkv-mixed] l2=437.259 sum=-633.074  first8=[-0.145677, 0.0408132, -0.313381, 0.600502, 0.233741, -1.17504, -4.0014, -0.152671]  last3=[0.868059, 0.150836, 0.55777]
[pos=12 L0 gdn-z] l2=285.345 sum=-15684.4  first8=[0.948407, -5.03808, -5.20242, -6.02479, -5.30071, -1.9083, -4.07786, -2.67009]  last3=[-0.905184, -0.226323, -0.663538]
[pos=12 L0 gdn-z-perhead] l2=[52.3945, 47.2308, 25.9336, 48.2602, 39.6135, 37.4437, 25.7304, 53.008, 46.3657, 50.7774, 25.4288, 37.6935, 31.1965, 42.5377, 47.7719, 24.9203, 33.0276, 48.9896, 51.2996, 50.3817, 44.4835, 36.3257, 26.3608, 45.0639, 48.6531, 49.1354, 25.9841, 41.0409, 33.5436, 43.7788, 49.2589, 26.2046, 53.5766, 48.4069, 29.3546, 42.0208, 45.0578, 28.7253, 25.2783, 52.5766, 48.4846, 46.5303, 21.4955, 37.927, 32.2689, 45.4798, 47.7673, 25.134]
[pos=12 L0 gdn-conv-raw] l2=132.134 sum=668.881  first8=[0.0085966, 0.00264796, -0.0241627, 0.0395557, -0.0122268, 0.000584228, -0.296019, 0.00713702]  last3=[-0.0298098, 0.0134674, 0.0501215]
[pos=12 L0 gdn-conv-silu] l2=124.277 sum=1015.41  first8=[0.00431677, 0.00132573, -0.0119354, 0.020169, -0.00607601, 0.000292199, -0.126261, 0.00358124]  last3=[-0.0146828, 0.00677902, 0.0256887]
[pos=12 L0 gdn-q-predelta] l2=4 sum=23.3764  first8=[0.00189775, 0.000582821, -0.00524706, 0.00886673, -0.00267115, 0.000128457, -0.0555072, 0.00157439]  last3=[0.0149616, -0.0174833, 0.0137109]
[pos=12 L0 gdn-k-predelta] l2=4 sum=21.2484  first8=[-0.0167977, 0.00981112, 0.00612622, -0.0221132, 0.0249867, 0.0715852, -0.00602316, 0.0240732]  last3=[0.000645622, -0.00256185, -0.0207244]
[pos=12 L0 gdn-v-predelta] l2=123.419 sum=922.923  first8=[0.0416573, 0.0715567, 0.0579644, 0.0931564, 0.0900147, -0.0240508, 0.0312507, 0.0164512]  last3=[-0.0146828, 0.00677902, 0.0256887]
[pos=12 L0 gdn-alpha] l2=43.7799 sum=95.071  first8=[4.78062, 12.5706, 1.70949, 15.7245, 3.22131, -1.38785, -4.34495, 9.69752]  last3=[-0.683087, 1.38487, -6.45534]
[pos=12 L0 gdn-beta] l2=11.5202 sum=42.6115  first8=[-1.82544, 2.64283, 4.33567, 0.658028, 1.53273, 0.922663, 0.440727, -0.429675]  last3=[-0.0658287, 1.75457, 2.22494]
[pos=12 L0 gdn-out] l2=3.86054 sum=-7.79791  first8=[-0.00045595, -0.000910148, -0.000525126, -0.000305869, -0.000600971, 0.00407552, -0.00167257, 0.00209385]  last3=[-0.000545182, 0.000269533, 7.46159E-05]
[pos=12 L0 gdn-out-perhead] l2=[0.0421653, 0.142648, 0.0796709, 0.201943, 0.186883, 0.100439, 0.0446386, 0.0269549, 0.0488719, 0.12096, 0.0554913, 2.40866, 0.00817672, 0.0429566, 0.0493772, 0.0642291, 0.095578, 0.136993, 0.177944, 0.0656284, 0.0648419, 0.219653, 0.0879346, 0.0338777, 0.0340741, 2.3907, 0.0774957, 0.0257206, 0.00948517, 0.0987265, 0.114819, 0.0440583, 0.194601, 0.156154, 0.0865612, 0.130953, 0.0875609, 0.0567401, 0.135635, 0.0525596, 0.0946644, 0.216464, 0.0557299, 1.70154, 0.0161603, 0.0689167, 0.0698444, 0.0128115]
[pos=12 L0 gdn-proj] l2=9.23459 sum=9.23648  first8=[-0.0163553, -0.029009, 0.00168764, -0.0114412, -0.00745713, -0.00182362, -0.00221359, -0.0234838]  last3=[-0.0173012, -0.000579339, 0.00249594]
[pos=12 L0 gdn-resid] l2=9.25703 sum=8.67696  first8=[-0.00245551, -0.0281602, 0.00253641, -0.0124568, -0.00660836, -0.00283928, 0.00236404, -0.0263639]  last3=[-0.0191158, -0.00506757, 0.00201815]
[pos=12 L0 moe-resid] l2=9.9307 sum=9.30602  first8=[-0.0011348, -0.0480929, 0.00487183, 0.00154906, -2.36263E-05, 0.00487625, -0.00708676, -0.0316282]  last3=[-0.0123662, -0.0128759, 0.00098037]
